device_status	date	time	battery_voltage_V	pv1_voltage_V	pv2_voltage_V	SOC	capacity_Ah	total_charge_discharge_battery_A	pv1_current_A	pv2_current_A	module_current_A	total_batt_current_A	load_current_A	total_batt_discharge_current_A	temperature_C	error	charging_mode	AUX1	AUX2	AUX3	energy_input_24h_Ah	energy_input_tot_Ah	energy_output_24h_Ah	energy_output_tot_Ah	derating_Ah	checksum	pv1_power_W	pv2_power_W	pv_power_total_W
1	2026/08/28	14:41	55.8	72.9	72.6	#	#	10.4	2.9	2.6	#	5.2	#	5.2	23.6	0	B	1	1	0	16	4089	16	3903	0	46B5	211.41	188.76	400.17
2026-08-28_14-43-42	604,26	57,63	39,06	31,69	36,28	39,41	23,94
1	2026/08/28	14:42	56.0	73.2	73.1	#	#	11.4	3.5	3.2	#	5.5	#	5.5	23.6	0	B	1	1	0	16	4089	16	3903	0	0BF0	256.2	233.92	490.12
2026-08-28_14-44-42	585,52	56,67	39,38	34,19	37,78	39,38	24,02
1	2026/08/28	14:43	55.9	73.1	72.9	#	#	12.2	2.9	2.6	#	6.1	#	6.1	23.6	0	B	1	1	0	17	4090	17	3904	0	C7FA	211.99	189.54	401.53
2026-08-28_14-45-42	575,69	55,74	39,48	34,14	37,50	39,73	24,06
1	2026/08/28	14:44	55.9	73.1	72.9	#	#	11.9	3.0	2.7	#	5.8	#	5.8	23.6	0	B	1	1	0	17	4090	17	3904	0	F085	219.3	196.83	416.13
2026-08-28_14-46-42	562,31	54,87	38,21	31,21	35,31	35,94	24,04
1	2026/08/28	14:45	55.8	73.0	72.8	#	#	10.7	2.7	2.5	#	5.3	#	5.3	23.6	0	B	1	1	0	17	4090	17	3904	0	3A74	197.1	182	379.1
2026-08-28_14-47-42	505,57	51,29	38,61	33,66	34,84	37,08	24,06
1	2026/08/28	14:46	55.7	72.6	72.7	#	#	10.8	2.7	2.6	#	5.3	#	5.3	23.6	0	B	1	1	0	17	4090	17	3904	0	BE01	196.02	189.02	385.04
2026-08-28_14-48-42	502,38	50,98	39,06	34,78	37,02	38,48	24,03
1	2026/08/28	14:47	55.8	72.9	72.7	#	#	10.1	3.0	2.8	#	4.9	#	4.9	23.6	0	B	1	1	0	17	4090	17	3904	0	19D4	218.7	203.56	422.26
2026-08-28_14-49-42	524,11	52,46	38,56	34,78	35,93	38,86	24,07
1	2026/08/28	14:48	55.7	72.7	72.3	#	#	10.7	2.5	2.7	#	5.2	#	5.2	23.6	0	B	1	1	0	17	4090	17	3904	0	8272	181.75	195.21	376.96
2026-08-28_14-50-42	453,61	48,04	38,49	33,42	36,52	37,75	24,12
