1;2026/05/14;17:55;54.6;75.4;76.2;#;#;0.3;0.6;0.0;#;0.5;#;0.5;21.5;0;F;1;1;0;7;2047;7;1861;0;F7C5
1;2026/05/14;17:56;54.6;75.5;76.1;#;#;0.3;0.9;0.0;#;0.5;#;0.5;21.5;0;F;1;1;0;7;2047;7;1861;0;DBF5
1;2026/05/14;17:57;54.6;75.9;75.6;#;#;0.3;0.5;0.0;#;0.5;#;0.5;21.5;0;F;1;1;0;7;2047;7;1861;0;9A0C
1;2026/05/14;17:58;54.6;76.0;75.4;#;#;0.3;0.0;0.7;#;0.5;#;0.5;21.5;0;F;1;1;0;7;2047;7;1861;0;F77C
1;2026/05/14;17:59;54.6;75.4;76.0;#;#;0.3;0.4;0.0;#;0.5;#;0.5;21.5;0;F;1;1;0;7;2047;7;1861;0;E0D8
1;2026/05/14;18:00;54.6;75.9;75.3;#;#;0.3;0.3;0.3;#;0.5;#;0.5;21.5;0;F;1;1;0;7;2047;7;1861;0;82C2
1;2026/05/14;18:01;54.6;75.8;75.7;#;#;0.3;0.2;0.3;#;0.5;#;0.5;21.5;0;F;1;1;0;7;2047;7;1861;0;E4A4
1;2026/05/14;18:02;54.6;76.0;75.5;#;#;0.3;0.1;0.5;#;0.5;#;0.5;21.5;0;F;1;1;0;7;2047;7;1861;0;60C7
1;2026/05/14;18:03;54.6;75.5;76.3;#;#;0.3;0.5;0.1;#;0.5;#;0.5;21.5;0;F;1;1;0;7;2047;7;1861;0;E4D8
1;2026/05/14;18:04;54.6;76.4;75.8;#;#;0.3;0.0;0.7;#;0.5;#;0.5;21.5;0;F;1;1;0;7;2047;7;1861;0;E240
1;2026/05/14;18:05;54.6;76.3;75.5;#;#;0.3;0.0;0.7;#;0.5;#;0.5;21.5;0;F;1;1;0;7;2047;7;1861;0;3653
1;2026/05/14;18:06;54.6;75.6;76.3;#;#;0.3;0.6;0.0;#;0.5;#;0.5;21.5;0;F;1;1;0;7;2047;7;1861;0;6638
1;2026/05/14;18:07;54.6;76.4;75.4;#;#;0.3;0.0;0.7;#;0.5;#;0.5;21.5;0;F;1;1;0;7;2047;7;1861;0;4AC6
1;2026/05/14;18:08;54.6;75.7;76.2;#;#;0.3;0.4;0.1;#;0.5;#;0.5;21.5;0;F;1;1;0;7;2047;7;1861;0;D190
1;2026/05/14;18:09;54.6;75.7;76.3;#;#;0.3;0.3;0.2;#;0.5;#;0.5;21.5;0;F;1;1;0;7;2047;7;1861;0;0747
1;2026/05/14;18:10;54.6;76.2;76.0;#;#;0.3;0.1;0.3;#;0.5;#;0.5;21.5;0;F;1;1;0;7;2047;7;1861;0;79F2
1;2026/05/14;18:11;54.6;75.6;76.4;#;#;0.3;0.9;0.0;#;0.5;#;0.5;21.5;0;F;1;1;0;7;2047;7;1861;0;54EA
1;2026/05/14;18:12;54.6;75.8;76.3;#;#;0.3;0.5;0.0;#;0.5;#;0.5;21.5;0;F;1;1;0;7;2047;7;1861;0;6AF0
1;2026/05/14;18:13;54.6;76.1;76.2;#;#;0.3;0.4;0.0;#;0.5;#;0.5;21.5;0;F;1;1;0;7;2047;7;1861;0;2864
1;2026/05/14;18:14;54.6;76.6;75.9;#;#;0.3;0.0;0.7;#;0.5;#;0.5;21.5;0;F;1;1;0;7;2047;7;1861;0;B3C1
1;2026/05/14;18:15;54.6;75.9;76.6;#;#;0.3;0.8;0.0;#;0.5;#;0.5;21.5;0;F;1;1;0;7;2047;7;1861;0;5C3B
1;2026/05/14;18:16;54.6;76.0;76.7;#;#;0.3;0.8;0.0;#;0.5;#;0.5;21.5;0;F;1;1;0;7;2047;7;1861;0;7112
1;2026/05/14;18:17;54.6;76.1;76.8;#;#;0.3;0.8;0.0;#;0.5;#;0.5;21.5;0;F;1;1;0;7;2047;7;1861;0;AD02
1;2026/05/14;18:18;54.6;76.7;75.8;#;#;0.3;0.0;1.0;#;0.5;#;0.5;21.5;0;F;1;1;0;7;2047;7;1861;0;A933
1;2026/05/14;18:19;54.6;76.2;76.5;#;#;0.3;0.2;0.3;#;0.5;#;0.5;21.5;0;F;1;1;0;7;2047;7;1861;0;1B55
1;2026/05/14;18:20;54.6;76.7;75.8;#;#;0.3;0.0;1.0;#;0.5;#;0.5;21.5;0;F;1;1;0;7;2047;7;1861;0;7104
1;2026/05/14;18:21;54.6;75.9;76.6;#;#;0.3;0.6;0.0;#;0.5;#;0.5;21.5;0;F;1;1;0;7;2047;7;1861;0;4E26
1;2026/05/14;18:22;54.6;76.5;76.1;#;#;0.3;0.0;0.5;#;0.5;#;0.5;21.5;0;F;1;1;0;7;2047;7;1861;0;C3BB
1;2026/05/14;18:23;54.6;75.6;76.4;#;#;0.3;0.5;0.1;#;0.5;#;0.5;21.5;0;F;1;1;0;7;2047;7;1861;0;9F77
1;2026/05/14;18:24;54.6;75.9;76.6;#;#;0.3;0.9;0.0;#;0.5;#;0.5;21.5;0;F;1;1;0;7;2047;7;1861;0;A313
1;2026/05/14;18:25;54.6;76.1;76.4;#;#;0.3;0.3;0.2;#;0.5;#;0.5;21.5;0;F;1;1;0;7;2047;7;1861;0;93A7
1;2026/05/14;18:26;54.6;76.5;75.8;#;#;0.3;0.0;0.9;#;0.5;#;0.5;21.5;0;F;1;1;0;7;2047;7;1861;0;576F
1;2026/05/14;18:27;54.6;75.9;76.7;#;#;0.3;1.0;0.0;#;0.5;#;0.5;21.5;0;F;1;1;0;7;2047;7;1861;0;8B94
1;2026/05/14;18:28;54.6;76.4;76.0;#;#;0.3;0.3;0.2;#;0.5;#;0.5;21.5;0;F;1;1;0;7;2047;7;1861;0;A46C
1;2026/05/14;18:29;54.6;76.5;76.0;#;#;0.3;0.2;0.3;#;0.5;#;0.5;21.5;0;F;1;1;0;7;2047;7;1861;0;60C8
1;2026/05/14;18:30;54.6;76.7;75.9;#;#;0.3;0.2;0.4;#;0.5;#;0.5;21.5;0;F;1;1;0;7;2047;7;1861;0;7E5F
1;2026/05/14;18:31;54.6;76.5;76.5;#;#;0.3;0.0;0.5;#;0.5;#;0.5;21.5;0;F;1;1;0;7;2047;7;1861;0;17F0
1;2026/05/14;18:32;54.6;76.3;76.7;#;#;0.3;0.7;0.0;#;0.5;#;0.5;21.5;0;F;1;1;0;7;2047;7;1861;0;9AC5
1;2026/05/14;18:33;54.6;76.1;76.7;#;#;0.3;0.9;0.0;#;0.5;#;0.5;21.5;0;F;1;1;0;7;2047;7;1861;0;E639
1;2026/05/14;18:34;54.6;76.7;76.0;#;#;0.3;0.0;0.9;#;0.5;#;0.5;21.5;0;F;1;1;0;7;2047;7;1861;0;5441
1;2026/05/14;18:35;54.6;76.7;76.2;#;#;0.3;0.0;0.5;#;0.5;#;0.5;21.5;0;F;1;1;0;7;2047;7;1861;0;A76C
1;2026/05/14;18:36;54.6;76.1;76.9;#;#;0.3;0.8;0.0;#;0.5;#;0.5;21.5;0;F;1;1;0;7;2047;7;1861;0;27F1
1;2026/05/14;18:37;54.6;76.9;75.8;#;#;0.3;0.0;0.8;#;0.5;#;0.5;21.5;0;F;1;1;0;7;2047;7;1861;0;95D8
1;2026/05/14;18:38;54.6;76.0;76.8;#;#;0.3;0.7;0.0;#;0.5;#;0.5;21.5;0;F;1;1;0;7;2047;7;1861;0;9749
1;2026/05/14;18:39;54.6;76.9;76.0;#;#;0.3;0.0;0.8;#;0.5;#;0.5;21.4;0;F;1;1;0;7;2047;8;1862;0;774F
1;2026/05/14;18:40;54.6;76.3;76.3;#;#;0.3;0.3;0.2;#;0.5;#;0.5;21.5;0;F;1;1;0;7;2047;8;1862;0;978E
1;2026/05/14;18:41;54.6;76.1;76.9;#;#;0.3;0.4;0.0;#;0.5;#;0.5;21.4;0;F;1;1;0;7;2047;8;1862;0;2FC2
1;2026/05/14;18:42;54.6;76.7;76.2;#;#;0.3;0.0;0.7;#;0.5;#;0.5;21.4;0;F;1;1;0;7;2047;8;1862;0;796F
1;2026/05/14;18:43;54.6;76.2;76.9;#;#;0.3;0.5;0.0;#;0.5;#;0.5;21.4;0;F;1;1;0;7;2047;8;1862;0;95DE
1;2026/05/14;18:44;54.6;76.2;76.6;#;#;0.3;0.4;0.2;#;0.5;#;0.5;21.4;0;F;1;1;0;7;2047;8;1862;0;6718
1;2026/05/14;18:45;54.6;76.7;76.4;#;#;0.3;0.0;0.6;#;0.5;#;0.5;21.4;0;F;1;1;0;7;2047;8;1862;0;EEFB
1;2026/05/14;18:46;54.6;76.0;76.8;#;#;0.3;0.9;0.0;#;0.5;#;0.5;21.4;0;F;1;1;0;7;2047;8;1862;0;6FE8
1;2026/05/14;18:47;54.6;76.5;76.7;#;#;0.3;0.5;0.0;#;0.5;#;0.5;21.4;0;F;1;1;0;7;2047;8;1862;0;FFF2
1;2026/05/14;18:48;54.6;76.9;76.4;#;#;0.3;0.0;0.7;#;0.5;#;0.5;21.4;0;F;1;1;0;7;2047;8;1862;0;EAE9
1;2026/05/14;18:49;54.6;76.8;76.1;#;#;0.3;0.0;0.7;#;0.5;#;0.5;21.4;0;F;1;1;0;7;2047;8;1862;0;685B
